6786991016
5178030883
8454642736

2313607892
5172142621
3059304256
5175285582
5179306807
5172145542
5177634748
5179741093
9109672579
5174107772
5174104412
3302121038
5172040322
5174882008
5176946815
6153379908
5179280562
5179742230
8109905264
9893871110
9892452612
5178982126
2483316357
7347321450
5178863411
3606728095
8159096468
5177123041
5172312440
2314450033
6016088149
6016088149
9893902270
7349157811
2489319304
6097518992
2697197363

6169700415
5173489234
8088686409
9893176966
5172064732
6195381236
2483960874
7347172179
5176945169
5175257143
5172562969
5178941352

5177459101
3059168508
5174033781
5172046050
6169401934
8106231194

8108771674
7346738068
5179800376
5175252568
3134080016
5176178309

7075272816
9319017931
6786991016

5173317447
5172425767
4697905885
5176043270
2693665591
4109002322
7203940348


5172147730
5179305002
9563750460
2024920755
5175121286
5178194975
5175742575
8109622776
8103367374
7025021628
5178625437
5172854227
5172854239
9123203234
9123203234
5173310348
5178671344



5178962347
5172855774
7708736991
2345427910
5178992338
5174025431
5175153324
5173910774
5173910778
5174907911
5174907911
8645533856
5417405324

9895606010
9895606009
5176942724
5177754861
8016757152
7048396242
5172219896
5174552155

6128174606

6145076103
9899648832
6163343308

2313882143
8102285386
5178196564

5868196690
5179277385
5179279706
5176146043
2487246118
2488256505
5172442365
5172902509
5178818193
7173506989
5178192544
5173751031
5178192583
9044046765

5178986650
5177636109
9893272768

2486976939
5172142149
5178620137
9143100813
6169141229
9794029037
2697796184
2698733033
2699103408
5176144953
5174896906
9413017158
9412281760
5177483315
3239750605
2167732001
6185346922
6185349804
7149319289
6195188554
6789069958
6239866730


9898597136
2482292073
5178037401
5172047580
5172854651
5172857697
5172750259
2485718888
5179742003
5178816631
5175828748
5177755202
7734774381
3128356403
5869135082
5867139745
5869254446
5869250911

6034756682
5178816349
5178816750
5178999639
2487090760
2487561370
7325130425
5033810382
5033810382
5864532972
8102889898
2488847130

5174165048
5175151980
7346262934
5174024024
6163095006
6167173338
4128224676
4126261090
5175282393
5176485933
5175250112
2085397861
2085397602
5178984045
5172727633
5179270540

5178626009
5172566297
5172566297
5175135753

5179743434
5177069908
5177061470
5179182283
5173661267

5178981542
8155459683
9894648847
5174423526
7342712602
3133008870
5178810777
5178969560
5178620577
5178991498
2146802623
4696586926
5173030191
5173030194
3042764029
6027701277

2142744987
6785215530
8107101072
8102010373
6145076103

5177400418
5179305126
8163832079
5172026827
2489901622
2488023769

5178984837
5174882191
2486727732
8102100704
2038855533
2038855532
7194669575
7198215553
5178038530
5172823946
6164602050
5176793470
6145076103

6163281640
5715527677

6468836606
3305462240
5176949626
5178978018
5179741618

5177631678
5172254440
5174492849
5172147538

5176486264
2606879450
